363
0
512
513
3
4
517
8
1033
1545
523
1547
12
1036
1037
527
1040
529
531
1043
20
532
1046
535
1049
1052
1564
542
33
1571
548
550
551
1063
1578
43
1579
46
1070
1071
560
1585
1074
1586
564
565
1077
566
56
59
61
62
574
1086
63
1599
576
1088
1600
1089
67
1092
69
1093
582
584
73
1097
1099
1101
590
1102
1103
593
594
1110
88
89
1113
92
604
609
612
102
615
105
1130
1131
111
1135
1137
630
119
631
120
1144
121
1145
1146
636
125
1149
638
1152
1153
1155
132
133
134
1162
140
652
141
1167
1168
147
149
150
153
154
666
668
1180
1181
1183
1184
1185
674
1186
163
675
676
1188
1189
167
171
1195
1198
1200
691
1203
180
185
698
1211
700
701
703
192
1216
705
1217
195
1219
708
198
1224
201
1225
715
1227
1229
1230
207
208
1233
214
726
215
1239
218
1242
221
733
1251
1255
232
233
234
236
238
241
753
754
1267
1269
758
1273
251
1275
764
253
254
259
260
1284
780
270
1294
1296
273
275
787
283
797
1310
1315
1317
807
1322
1323
812
815
1327
818
819
1332
1334
824
825
1338
315
1340
832
321
1346
838
1352
842
331
843
332
1357
848
1360
849
1361
1362
851
852
342
344
345
857
858
1370
347
1371
348
1375
352
866
1378
869
359
873
1387
876
365
879
880
1392
369
882
372
888
1401
378
891
380
897
1409
1410
387
901
902
1415
392
394
1420
909
910
1423
1424
401
913
402
1427
917
408
922
923
925
1438
1439
1442
932
1444
937
1449
938
1451
1453
430
1455
432
1456
1457
946
437
1461
439
1463
953
1465
954
443
959
962
1474
451
1478
456
968
1480
972
463
976
1489
466
468
982
1494
983
985
1498
475
987
988
989
481
483
1507
997
486
1512
1001
1514
1004
1518
1521
498
499
1011
1525
1526
503
1016
507
1531
508
1020
1021
1535
66
0
256
1
257
2
4
132
8
9
138
266
268
273
146
148
21
149
22
23
25
283
157
285
158
288
162
294
167
296
297
42
174
176
309
311
187
317
190
322
67
68
197
70
71
327
73
77
214
342
215
219
95
354
99
100
228
356
102
103
234
237
239
240
113
123
125
