411
0
2
1027
5
2053
10
1040
1042
2067
20
2069
22
1046
26
1050
2075
28
1052
1054
35
2083
2084
39
41
44
46
47
2096
1074
51
1075
2099
1083
1084
1085
2112
1090
1093
2120
1097
2121
74
2125
78
2126
2128
82
83
1111
2136
2138
92
2141
1119
2143
96
1122
1124
2148
102
2150
103
2153
106
1133
1136
2160
2161
116
1142
119
120
125
1151
1152
1154
132
1156
133
1162
1165
1167
145
146
154
1178
164
165
1190
1193
1204
1205
1208
185
186
187
1212
189
190
193
1224
201
1237
1239
217
1244
226
227
1252
1255
232
233
237
1263
1264
1269
246
1272
1278
1280
1283
1286
1288
1289
266
269
270
272
1296
1303
282
285
1311
1314
1315
296
1321
299
303
304
1329
1344
1347
1348
326
331
336
337
1361
338
1365
1367
346
1373
1374
352
1376
354
356
1382
1385
1387
365
366
367
1392
369
371
1395
1398
379
380
381
1405
1406
385
388
1412
391
392
1423
401
1425
1428
407
409
1433
1435
414
1439
420
1453
430
1458
436
1466
1468
1469
447
451
456
1480
1481
460
1484
461
464
1492
471
1495
472
1498
1501
478
486
1512
489
1513
1514
1516
1520
497
501
503
1530
512
1538
516
1541
1559
544
546
1571
1579
1581
558
1589
571
1595
1596
573
575
1602
583
584
1608
1609
588
593
1619
1622
608
609
611
614
615
1639
1640
1643
1644
1645
1648
1652
1653
630
1658
639
640
1665
1670
1672
1673
650
1681
658
661
1686
1688
1689
666
671
673
1697
1699
1700
1703
683
1707
1710
688
1719
699
1727
705
707
1735
712
1740
1746
1748
739
1767
746
1770
1778
755
1781
760
1787
1789
1790
767
769
1798
777
1801
1803
1804
1805
1806
1807
785
1810
1811
1814
1815
1821
1823
800
801
1825
802
1828
1830
808
1832
809
1834
1835
821
1846
824
1848
826
830
1856
839
845
1869
1870
847
1871
849
1874
853
1884
863
1887
865
868
874
1898
875
1901
1909
1912
893
1922
1923
900
903
1936
914
917
918
1947
1954
932
936
1962
1963
942
1967
946
947
1975
1978
1980
1984
1989
1990
968
970
976
2001
2003
2006
2007
984
986
2010
987
2026
1004
1009
2034
2038
2042
2044
1021
2046
22
5
101
134
8
41
106
43
75
46
110
15
111
21
85
119
25
58
122
59
93
31
159
