385
0
1025
3
1027
4
8
11
12
1036
1037
1040
1043
20
22
1049
1053
1060
38
39
43
46
1070
1071
1076
1077
1080
57
59
61
1088
1090
67
1091
69
1093
73
1098
1101
1102
1103
1104
1109
1110
88
1113
91
92
94
105
1130
1131
111
1137
118
119
120
121
125
1149
1152
1153
132
1159
1162
140
141
1165
1167
1168
1169
149
150
153
154
1178
155
157
1181
1182
159
1183
1184
1186
163
167
171
1195
173
1198
1200
1203
180
185
1211
188
191
192
1216
1217
195
1219
198
1224
1225
1229
1230
207
1233
211
215
1239
216
218
1242
220
221
225
226
227
1251
1255
232
233
1257
234
236
1264
241
243
1269
1273
251
1275
1276
253
254
1280
1282
259
260
1284
270
1296
273
1297
275
276
277
281
1305
1306
283
1310
1315
292
1316
293
1317
295
1322
1323
1327
1334
1338
315
1340
1342
320
1344
321
1346
325
326
1352
1353
332
1357
1360
1361
342
345
347
1371
348
352
1378
356
1380
1381
359
362
365
1390
369
373
376
1401
380
1406
1409
1410
387
1415
392
394
1420
1423
1424
401
402
1426
403
1427
1428
405
1429
407
408
1437
1438
1442
1444
1448
1449
1451
1453
430
432
1457
1460
437
1461
1463
440
441
443
445
1469
1474
452
1476
1478
456
1480
463
1487
1489
466
1491
468
1494
1497
1498
477
482
1506
483
1507
486
487
1512
1514
1516
1518
496
503
504
506
507
1531
508
509
1535
512
513
517
1545
1547
1548
527
1552
539
1564
542
548
550
1576
1579
1586
564
566
1591
568
570
1600
588
590
593
598
604
606
609
612
615
622
625
637
638
640
654
667
670
675
696
698
700
703
715
722
731
734
753
754
758
764
776
780
782
785
791
797
798
807
808
812
818
825
832
834
843
848
849
851
852
855
857
864
866
868
869
872
873
876
880
882
883
888
897
901
902
907
909
910
915
917
923
925
939
952
953
962
966
968
972
975
982
983
988
989
997
1001
1009
1011
1020
1021
68
0
1
257
2
4
7
9
138
266
268
144
273
19
148
149
150
23
153
282
283
159
288
162
36
167
296
169
297
42
170
300
174
176
51
53
182
311
188
67
68
197
70
327
199
71
72
73
77
211
83
341
88
219
95
354
99
228
102
103
234
364
240
241
114
247
248
378
125
