405
1024
1
2
6
8
12
1036
1037
14
15
2065
18
2067
1044
21
2071
24
27
29
31
33
37
1067
2092
1070
2094
1071
1072
54
1078
56
1080
2104
57
1081
58
1083
60
1084
1085
2109
63
1087
2111
66
67
76
2124
77
78
79
81
1105
1107
1109
2133
1113
91
2139
95
1119
2143
97
2146
2147
1127
105
2153
1130
2154
1132
2156
1134
113
2164
1142
1145
2172
1154
133
2181
2183
138
139
1167
1168
1169
1171
148
151
1175
165
174
178
1203
1205
182
185
1211
1212
1215
194
1219
196
200
204
206
1231
1233
1234
1245
224
225
1251
231
234
236
1270
247
1273
251
252
254
257
1284
1285
263
1287
267
268
1294
273
1297
277
279
1304
282
284
1308
1309
1313
1317
294
297
1325
1326
1327
1328
306
308
313
1339
1341
1343
321
1345
1361
1362
341
344
345
1369
353
1379
1381
360
1388
371
377
380
382
387
388
389
396
1423
401
1425
1427
405
1431
1432
1438
415
1439
1440
419
421
423
1447
426
428
430
1454
431
432
1462
1463
1465
1467
448
451
1475
460
467
468
469
1495
475
1500
482
1512
1519
1521
498
502
506
507
1534
517
1548
1550
528
531
535
1559
1560
1568
551
552
555
558
1584
562
1589
1592
572
1597
575
1599
578
580
589
590
592
594
597
598
599
604
1628
606
1632
1634
1636
614
1641
1642
627
628
630
1655
1657
637
642
643
644
1668
1672
650
1682
660
661
663
665
1698
1699
1700
681
1708
1710
694
1719
1720
703
1728
705
713
1738
715
1739
716
1743
1755
733
1757
737
738
745
747
1771
1773
753
754
756
1788
1793
772
1797
774
776
777
1803
787
1812
789
793
1817
797
1823
804
805
1831
1832
810
814
1839
818
821
1849
1850
828
1855
833
1859
1860
841
1866
1867
1868
1869
847
850
852
1880
1892
1894
871
872
1900
877
881
1911
1914
1915
1917
1918
895
1920
1921
1933
917
1942
1945
1947
1948
1951
937
940
1964
1965
944
946
1973
950
951
1978
1980
958
1984
963
1990
1995
973
1997
2001
2002
2004
2005
986
2010
988
2012
990
2023
2034
2036
2038
1016
1017
2041
1018
1020
1022
2046
17
32
96
1
99
4
72
136
138
44
47
81
114
20
84
151
59
95
