281
2
3
6
1030
522
1034
2058
15
2065
18
1043
2067
532
545
547
1061
550
1066
1578
45
558
1585
50
54
55
56
569
1082
571
1595
1086
1602
67
579
1603
68
580
581
70
1095
1608
587
1611
81
1619
1108
87
600
1112
1624
1114
604
96
1122
611
1125
614
1639
616
105
618
107
1132
1644
622
1135
1136
113
115
627
119
1143
1144
1656
633
1145
634
635
124
1152
1156
1668
1671
136
1672
650
142
1679
1168
1172
1684
149
665
667
156
1693
160
674
1702
1703
1195
173
1710
178
691
1715
1716
1720
1721
698
699
1723
1214
1730
1220
709
1222
711
1735
200
1224
716
1745
723
1748
727
218
222
1758
224
1252
229
1767
745
1769
234
1775
754
1781
250
1792
1281
773
1289
1291
1803
1292
1809
1812
277
789
1813
790
1303
1818
1307
1819
1820
1822
1313
1314
805
1318
1830
807
811
1324
1326
1838
1329
819
1331
309
1334
823
1336
1339
1855
1344
1860
325
326
1350
1351
331
843
332
1356
1868
1359
849
852
343
1879
859
860
1884
863
352
1890
868
362
876
1900
1901
367
1906
372
1909
1910
380
383
1408
897
1412
1926
1927
1417
1426
1427
1939
1428
1943
1944
1434
1435
412
1437
415
417
1441
1443
932
1444
1956
933
934
1447
1960
426
942
1454
434
946
1974
439
954
1978
1467
1469
446
1471
456
969
458
974
1998
464
467
980
1493
2014
479
2015
480
2016
2018
1511
2025
1002
2026
493
1517
498
1011
2035
1013
1525
1527
1532
2047
15
0
32
5
71
135
8
44
111
81
83
119
56
122
94
158
