2412
4096
2
4098
8194
8199
8202
4109
14
15
4113
20
4116
4118
23
24
4121
4122
27
31
32
38
4134
41
8236
8239
4144
49
4145
51
55
4152
4154
59
60
62
4158
66
4163
8260
69
71
72
74
77
8269
4175
4176
4179
4181
87
4183
8282
4188
4189
8286
96
4192
8288
97
8292
101
4197
8295
8296
105
4201
4203
109
8301
110
113
8306
8311
8312
123
124
4222
129
8322
4227
134
8326
135
4237
143
8336
148
4244
4245
4246
4250
4251
158
4255
8351
4256
161
4257
8353
8356
8358
168
169
8361
8363
174
4270
179
4275
4277
8373
8374
183
186
4283
4287
8383
4294
8390
4296
8399
4305
8401
8405
4310
215
216
220
4319
4320
4321
8417
226
8420
230
232
4328
4331
8427
8430
8432
243
8439
4344
4347
4348
253
254
259
8451
8453
8461
272
4368
8464
8466
8467
8468
8469
8470
4375
280
8472
8474
283
4386
8483
294
4391
4394
8490
300
4396
301
8496
306
4403
8502
8503
312
8506
4411
4412
317
8509
318
8511
321
4420
8517
327
4423
328
331
8523
4428
335
336
4434
4436
4437
4438
348
350
4446
8542
356
4454
4455
8551
8552
362
363
367
369
371
8564
8566
8568
8571
8572
8573
8575
385
4481
8577
388
390
8582
4488
394
8586
4492
8589
402
8594
405
406
4502
4504
8600
8604
8605
415
8607
424
425
4526
8622
432
435
4531
438
439
4538
8634
8636
445
446
4542
8638
448
4544
4545
4546
4547
4549
8646
4551
4554
461
8655
464
8658
4563
8662
4568
475
4571
8667
477
4574
8673
4579
4580
4591
8690
8693
8694
505
509
521
524
4621
8717
530
4626
4627
4630
8726
535
8728
540
4636
8732
542
543
8735
4641
4643
8739
4645
8741
554
8746
556
8750
559
4655
4658
564
4660
565
4661
4662
4663
570
4667
574
575
4672
8768
580
8778
4684
8781
595
8790
8791
4696
8792
4698
605
4703
8800
8802
611
8805
8807
4712
4714
619
4715
621
625
626
628
8821
630
4727
634
4734
8830
4735
640
8833
8834
644
4740
8836
645
8838
4746
651
4747
652
653
656
658
660
8858
667
4764
670
4768
8865
8867
4772
4774
679
4775
8871
680
8873
8875
8876
4782
8879
4786
8883
692
4788
8884
4789
695
696
8890
701
4799
706
707
4805
4806
4809
715
722
726
8920
729
8923
732
733
4830
4835
742
4841
8937
747
750
751
4850
4852
8948
4853
8950
759
8952
763
4860
8956
765
8958
4863
4864
4866
771
8963
772
4870
4873
8969
4874
4875
780
8972
8973
782
8974
783
8976
8977
4882
8978
8979
8980
8981
793
8985
794
8987
4892
8990
801
8993
806
807
9000
4905
4906
811
813
4909
4910
9007
820
4916
4917
9017
826
9019
4924
830
9022
4927
9023
833
4930
4932
4933
9030
4942
850
4946
9044
853
9045
9049
4955
4956
9052
4957
4958
4959
9055
4962
4964
9061
4967
872
4968
4970
9067
876
9070
880
4976
9072
9073
4978
4981
888
9080
889
9084
893
9087
9088
4993
9089
898
9090
9091
9092
4997
902
9095
9096
9098
9100
5006
5007
914
9107
916
5012
919
5016
9114
9116
925
928
5027
9123
9124
935
5032
9128
5034
5039
9135
945
9138
9143
5049
9145
954
9146
957
5054
959
9151
965
9157
966
967
9159
968
5064
5065
970
9169
5076
9173
5078
9174
9175
984
989
992
5088
9184
9186
5091
996
9189
9192
5098
9194
1003
5101
9198
5103
5104
5106
5107
1016
1021
5121
5124
9222
1032
5129
1034
5131
9228
5134
9232
1041
5139
9235
1045
9239
5146
1051
9244
5149
1054
5151
1059
9252
5157
1062
9254
9257
1067
5163
9260
9261
9262
5167
9266
1077
5174
5175
9271
1081
1083
1086
9278
1087
1090
1092
9285
5192
5195
9291
1101
5197
1106
1108
5209
1115
9308
9309
5214
5215
5219
5223
1131
5230
1138
9330
1139
9332
5237
5238
9339
9344
1153
9346
1155
5252
1159
5255
9351
5256
5266
5267
9363
5268
9364
1173
5269
9366
1175
9368
9369
1182
1183
1184
5280
9376
1186
1188
5284
9382
5287
1195
1199
1200
5296
1202
5298
1206
9400
1209
5306
1211
5307
5308
9404
9407
5312
1219
5316
1221
1222
1224
1226
9418
5323
9420
1229
9422
1233
5330
1235
9427
1236
9429
5339
9435
5342
9438
9439
1248
9440
1249
9441
1251
5347
9443
5348
9445
5350
1255
9452
5357
9454
9455
5363
9461
9463
5370
1275
9468
5373
9472
1282
5378
9476
9479
9481
1290
1291
5388
9484
9485
9486
1297
5394
9492
5398
5399
1305
5407
9503
1313
9506
1315
5411
5413
9509
9510
1323
1325
9517
1331
9524
1334
5431
1336
9528
9531
9532
5440
9536
9537
5443
9539
5444
1352
1355
5452
5453
9551
5457
9553
9554
5459
5460
9557
9558
5463
1368
1369
5465
5467
9568
5476
1381
5480
9578
1387
5483
1388
5484
5488
1393
1396
9588
1397
5493
1398
9590
5497
1403
9595
9596
1407
5505
9601
1410
1412
9605
1415
1417
1421
9613
1424
5521
1427
1428
5524
5526
9623
1432
9624
9625
5530
5531
5532
5534
1439
5538
9634
5539
9635
5541
1448
9641
9644
5549
1454
5556
5557
1465
9657
1466
5562
9659
9660
9661
1471
9663
9666
1475
5571
1476
9670
1481
5577
5580
9676
1486
1489
1490
5590
9686
5591
9690
1499
1501
1502
5601
5603
1510
9705
1517
5613
1521
9714
1524
5622
9719
5625
9723
1533
5630
1536
9729
1539
5635
9731
1540
5636
1544
5640
9737
5643
9739
5644
1553
9745
5650
9747
5652
9749
5654
9752
9758
9759
5664
5666
5669
5671
5673
9770
9771
1585
5683
1595
9787
5692
9794
9795
5700
9796
1609
5705
1610
9802
5710
5711
9807
1616
5712
1617
5713
1618
9810
1619
9811
1620
1622
9817
9818
5724
1632
5728
9824
1633
9830
1644
1645
9837
9838
9841
1650
1651
9843
9847
5754
1661
5757
5759
5760
1666
5762
5767
1672
5768
5773
9869
5774
1681
5777
9874
5782
9878
9881
9883
9884
5789
9885
9886
5793
1699
5795
9891
1700
5800
9896
9898
1708
5805
9904
9905
5813
9912
1723
5820
1727
9919
1729
5829
9925
1736
5832
1737
1738
9930
5837
1742
1744
5840
5843
1748
5844
1750
1753
1754
5850
1755
9950
5855
1760
5856
1761
1762
9955
5861
1768
5866
5867
5868
5869
9965
1775
5871
5872
9969
9972
1782
9974
5880
1785
9977
5884
9980
5885
9982
1791
5887
9986
9991
1800
1802
9997
5902
10000
5905
1810
10003
5909
10008
10009
10011
5916
5917
5918
1823
10015
5927
1832
5930
10026
10027
5933
1840
10033
1845
5943
10045
5950
1855
10047
5953
1858
5954
5955
5956
10054
5960
1866
10058
10059
1868
1869
1872
10064
1873
10073
10074
5979
10075
1884
5981
10077
10079
1891
5989
10087
5993
5994
5995
10093
1904
6001
1906
10105
1916
6012
10108
1917
6013
1918
6015
10111
1920
6018
10114
1924
6021
1926
6022
10118
6023
1928
10120
1929
6026
10122
6027
1932
10124
1933
6029
1934
1935
10127
6034
1939
6036
1941
6037
1943
6039
10135
1944
10139
1954
10149
6054
6057
10154
6059
1964
10159
6067
1975
6071
1981
1986
1987
10179
6086
10182
6088
1994
10186
6091
10187
10189
1999
6095
10192
2002
2003
10196
6101
2006
6106
2017
6113
10209
10211
2020
10212
10214
10216
6122
10218
2029
10221
10222
2033
6130
10228
2040
6136
6137
2042
10234
6141
2047
6144
2050
10242
6148
2053
10245
10248
6153
6154
6155
2060
6157
6158
2065
2071
2072
10266
10267
6173
6174
10270
6177
2083
6184
10280
2092
6190
2097
2098
6198
10294
10297
6203
10300
6205
6207
6208
10304
10305
2115
2116
6213
10312
2121
10313
10315
10318
6223
2130
10322
2131
10323
10325
6234
2139
10331
2140
10332
2142
10334
10341
2150
2152
10345
10349
6254
6255
10352
10353
2163
6259
10356
10357
10358
6264
6265
6267
6268
10365
6272
10368
2178
6274
10370
2181
6280
10377
2186
10383
6289
2196
10388
2198
6296
6297
10394
2203
2205
6304
6308
6310
6311
2218
10414
10416
10419
6324
6325
2230
2234
6330
10426
10428
6333
6335
10432
6338
6340
2248
6347
10443
2252
6355
2260
10455
10456
6362
10458
2267
6363
2268
10460
2269
10463
2272
2273
2275
6371
10467
10469
10470
10472
2284
6380
10476
2285
10477
2287
6387
2293
10487
6396
10496
2305
10498
2307
6405
6407
10504
10506
2316
2317
10509
10511
10512
2321
10513
2322
2331
6429
10525
2335
6432
6433
10529
6434
2339
6435
6439
6442
2347
6444
10540
6447
10545
2357
6453
10549
10551
2361
10555
10556
2366
6463
2368
2369
6465
6466
6467
10564
2373
2375
10567
6472
10569
2380
2384
6483
6486
10582
10584
2393
6489
6490
10587
6492
2397
10589
2399
6495
2401
10595
10596
2408
6505
2410
10602
6508
10604
2414
2415
10609
6516
2424
2426
6523
6524
10621
2431
10623
10625
6531
10627
6536
2441
10634
10637
10639
2448
2449
10641
2450
10644
2453
6549
2454
10646
2455
6551
2460
6556
10655
10656
2466
6563
10659
2468
6566
6567
6571
10667
6572
10670
10674
6579
6583
6586
2491
10683
10684
10685
2494
6591
2496
10688
2497
2498
2499
6595
2501
6599
2504
2505
10697
6605
10703
2514
2518
10711
2520
10713
10714
6620
10718
2527
6623
10719
2528
10720
2530
6626
2532
10724
6629
6630
10727
6632
10728
6637
10733
2542
6638
10734
6639
10735
6640
10741
10742
6647
10743
2552
2554
10746
6652
10748
6653
2558
10750
6655
10751
10752
2561
6657
10753
10754
2563
10760
10763
10764
10767
2576
2578
10770
10774
10776
2585
10778
6690
10786
2597
6694
10791
6698
2607
6704
2609
10801
2612
6708
2615
10810
10811
6717
6720
10816
2625
2626
6723
10819
6724
10822
6728
6730
2637
10829
6735
10836
6741
6743
2649
2650
2651
6748
10845
10846
6754
10852
10853
6763
6765
6766
10864
6769
10869
2678
6779
6781
2686
6783
10881
2690
10882
10888
6793
10891
10892
10894
6799
2705
6801
6803
2709
2710
10904
6810
10908
2717
10909
10910
2719
2720
6816
10918
10920
6825
6826
10922
6829
10926
10932
10933
6839
6842
2747
2750
6846
10942
2753
6850
10946
2760
10952
2761
2762
6858
10954
2763
6859
10955
2766
6863
6864
10960
2769
2770
6866
2772
10968
6873
6877
10973
10974
6881
6882
2788
10981
6886
6888
10985
6893
6896
10995
2805
6901
2806
11005
11006
11007
2820
2823
6919
6920
6925
11021
6926
2831
2832
11024
2836
6933
11032
11036
6941
2846
2848
11040
2850
2853
2854
11047
6952
11048
6955
11051
2862
2863
11056
11057
11058
6963
2868
11060
11061
2871
6967
11064
2875
11067
6974
2880
11072
2883
2884
6983
11079
2888
11080
11081
2891
11083
2893
6992
6993
2899
6997
11093
2904
11097
7003
2910
11102
11105
11109
11112
2921
7017
7018
11114
7019
2926
7026
2931
11124
11127
11128
7039
7040
7041
11138
2948
2950
11142
11143
11146
7051
2957
7055
11154
2964
7061
11157
11159
2974
11166
11174
7080
7081
11179
11180
11183
7089
7092
11188
2998
7094
2999
7095
11192
3003
7103
11201
11202
7109
7110
11209
7115
11211
3021
7118
11214
3024
11216
7121
11217
3026
3027
7123
11219
11222
3032
3033
7129
11225
3034
7132
3037
7133
7134
3039
11231
11232
7138
7141
11238
11240
3051
11243
11244
11245
11246
3056
11248
3057
11249
11251
7156
3064
7161
7163
3068
7164
3069
11261
7166
3071
7169
3075
3076
11268
7174
11270
3079
3081
7177
3082
3084
7180
11277
11279
7184
11280
3091
3094
11286
7192
3097
7193
11289
7195
3100
7196
11293
7199
3106
7202
3113
11306
7211
11307
7214
3121
11313
7218
3123
3127
3128
11320
3130
3131
7228
7229
3135
7231
11329
11331
7238
7239
3144
3152
7251
7252
11351
11362
11366
7271
7274
3179
7275
7276
7283
11379
3190
7286
11383
7289
11386
11387
3197
11389
3199
7298
11396
7302
3207
7304
3210
11404
3217
7313
7314
3223
7319
11415
11416
11417
7325
7326
11422
3231
3238
7334
11430
11431
11432
3243
11435
11436
3245
3249
7345
11441
3253
7349
3254
11447
7352
11450
7355
7356
7358
11454
7359
11456
11457
7363
7365
3270
3273
11465
3276
11468
7373
7374
11471
11472
3281
3282
3286
11478
3288
11481
11482
7388
3293
3294
3297
11489
7394
11491
11494
3303
11497
3306
11498
11499
11500
7406
3311
11504
3313
7409
3317
11509
7415
3320
7417
11514
3325
3327
11519
7424
7432
3338
7434
7435
7438
3343
7439
11536
11537
7442
11538
11540
3352
3368
7465
7469
3374
3375
3377
3379
3385
3386
7484
3393
7489
3394
7491
3399
7495
3400
7499
7503
7506
7507
7508
7509
7510
3415
7511
7517
7519
7521
7522
7524
7526
7530
7531
7532
3442
7541
3449
7551
3464
7560
3465
3468
3469
7567
3472
3475
3477
3478
7574
7575
3481
7578
3485
7584
7585
7586
7588
7590
7591
7592
3505
7601
3509
7610
7611
7613
3524
7621
7623
3529
7627
3533
7640
3546
3548
7644
3549
3552
3554
7650
3555
7654
7655
7656
3561
3565
7661
7663
7664
7666
3573
3574
7672
7674
7675
7676
7679
3586
7685
7688
7693
7695
3604
7701
3606
7703
3611
7707
3619
7715
7716
3621
7717
3623
7722
7723
3628
7724
7728
3633
7730
3635
3636
7732
3637
7734
7736
3643
7741
3650
7746
3653
3655
3658
7758
7762
3667
3671
3672
7769
7770
7772
3678
7774
3680
7780
7786
7788
3698
3701
7798
3703
7800
3705
3707
7806
7810
7811
3716
3717
7820
7821
7822
3728
3735
7832
3740
7836
3742
7839
7840
3745
7843
7846
7847
3753
7851
7855
3760
7856
7857
3762
3763
7861
3771
7873
3778
3779
3780
3782
7878
7882
7883
7887
7888
7889
3795
7891
7896
7897
3812
7908
7910
7916
3821
3824
3827
3833
3837
3841
7937
7940
7945
7952
7956
7959
3867
3868
3869
3871
3872
7969
7972
7974
7975
3880
7977
3883
3888
3894
7990
7994
3902
3905
8001
8002
3911
3912
3914
3915
8014
3921
8017
3923
3928
8026
8027
8029
3936
3939
3940
3943
8039
3944
3945
3946
8043
3948
3950
8051
3958
3959
8055
3965
8062
3967
3970
3974
3977
3978
8078
3985
8085
3991
3992
8096
8098
4007
8104
8106
8107
4023
4024
4032
8128
8131
4039
4042
4043
8142
4048
4049
8147
4052
4055
4056
4057
8155
4060
4065
4066
4069
8166
4075
8171
4077
8173
8174
4080
8180
8190
31
194
258
322
135
199
328
76
77
82
147
22
23
281
26
29
157
97
289
100
102
359
104
238
48
49
178
118
59
60
191
255
