323
1536
1537
1542
1543
1544
9
10
1035
1037
527
1039
529
1555
20
534
1048
1562
1563
29
1565
543
1569
34
548
549
550
1063
552
1064
553
1065
44
1068
1581
559
1590
567
1079
57
569
572
1084
573
1086
1601
1603
580
585
74
1100
1612
1613
79
591
1105
84
85
1624
1627
92
605
95
608
1120
1633
1123
612
1637
1638
615
105
1643
111
623
1648
1649
114
1138
1650
1143
1144
122
1146
126
638
640
1664
641
643
1155
1670
135
1160
137
1674
140
1165
1678
1167
144
659
1171
1683
660
661
1173
662
665
155
1691
156
1692
669
671
1697
1186
1698
1190
1194
174
1201
180
692
1206
1208
697
187
1212
1729
706
195
1219
201
1737
1226
203
1739
204
717
206
719
1745
1234
1749
1752
730
220
732
733
734
735
1247
1248
1249
738
739
740
230
1768
745
748
237
1262
1774
240
1776
1777
1778
244
1781
1271
1274
1786
1787
258
1794
260
1798
264
1800
1801
266
781
1293
1294
1808
277
278
1302
1814
1303
1819
1820
286
798
1311
288
1313
1826
1317
806
296
1320
1832
811
813
815
1843
820
821
311
1847
313
315
316
830
1343
1855
320
833
1345
1346
835
1348
838
840
1352
1355
844
333
1360
338
1364
853
342
343
858
860
349
1373
1374
863
354
355
1379
1386
1388
877
878
1392
881
1396
1397
888
1400
378
894
895
896
905
907
396
910
1422
911
917
920
409
410
1434
1436
1437
1441
420
1448
425
1449
1450
1455
432
1458
948
953
443
444
1469
447
960
450
1477
968
969
459
1485
464
976
978
1490
1491
1494
985
1497
988
990
1502
479
991
995
998
489
1001
1003
492
1517
1006
497
499
1012
501
1019
509
1023
1535
22
96
33
99
134
71
136
9
73
42
45
109
82
114
19
20
85
150
120
122
59
62
159
