1778
4096
8192
1
8193
12289
8194
4099
11
4108
8204
12307
12309
4118
8217
8220
8221
4129
34
12322
4131
8227
4132
4133
4134
12326
12327
4139
12331
8237
12333
8238
47
8241
12338
4147
53
56
12346
12348
61
12351
8257
4164
75
4173
78
4174
12368
81
12369
4178
12374
4183
8280
12376
12377
12378
8283
12379
8284
12386
8291
8295
12391
4200
106
8302
12398
119
123
8315
125
4224
8320
8322
8323
134
136
137
4235
4238
143
4240
4241
4242
4243
4245
8347
157
8350
8358
4269
8373
8375
4283
8384
4289
8385
196
4296
4297
8395
4302
210
228
8422
232
4328
8427
241
8435
4341
8439
8440
249
251
8445
257
8449
8450
8452
4358
266
8459
4364
8460
4365
4366
4369
274
8466
8471
281
8473
4384
4386
8485
294
8489
4396
4401
4405
310
4406
4410
8507
4416
321
8514
4419
4427
8524
333
4429
334
335
8527
4432
8528
8532
4437
4439
4445
356
8550
364
8557
4463
8560
4465
370
373
8567
379
383
8575
8577
8578
4483
8584
8585
8586
397
8591
8593
8594
8595
405
8598
8599
410
415
417
4515
4517
8613
422
423
428
429
430
4528
434
8627
8629
8630
8633
8634
4539
8636
4543
4545
4546
8645
459
464
4565
4566
8662
471
8664
4571
476
4572
8669
480
481
8673
489
4586
492
8688
497
4594
8692
8695
4600
4602
8700
518
4616
8715
8725
8726
535
8730
540
542
8734
4640
8744
8745
4651
4652
557
8755
4661
576
4672
8768
4673
579
4675
580
4677
586
4687
4694
4698
4699
4702
8805
616
621
8814
4719
8815
624
4722
8819
631
4729
4731
4732
8832
641
4740
4741
651
4750
656
4753
8849
8854
8863
674
676
4775
686
687
4791
8887
697
698
4795
8892
4797
8905
4818
8915
4820
4821
8918
8921
733
8930
8935
752
8945
8948
8952
4857
4858
8954
763
4862
770
4866
4867
774
8967
781
782
784
8976
787
4883
8980
8981
4886
8982
791
793
8987
4893
803
804
9004
813
4909
9009
9012
4917
9013
9017
832
9029
4939
9035
9036
9037
9041
9045
854
859
4958
9057
4962
9058
4965
9064
9068
879
9072
4978
9075
9079
888
891
4988
897
900
9092
4998
9094
9095
9096
5002
9098
907
908
5005
9104
5010
9119
9122
931
5027
934
935
5033
938
9131
9135
9137
9139
5046
5049
5051
956
5053
5054
959
9152
962
963
965
968
9162
972
9165
5072
5075
9171
983
984
985
5081
9177
5082
9178
5089
9186
9189
9194
5099
9195
9197
9200
5112
9209
1018
9210
1022
5123
1028
9221
5128
9225
5131
1037
5141
5143
5144
5145
1051
1056
5152
9250
1062
5159
9255
1064
1065
5161
9257
5162
9262
1073
9268
1081
5178
1083
5179
1086
5185
1092
5188
5189
9289
1098
9290
1100
1103
9295
5200
9296
5203
1109
1110
1113
5213
1118
1124
9319
5229
5231
9327
9328
1137
5237
9337
9342
1153
1155
9351
1160
5259
9358
1167
5265
5267
9364
9366
5274
1180
9373
9374
1186
9378
9390
5296
5297
9395
5302
9398
9399
5305
5307
9404
5309
5310
9406
1217
5313
5314
9410
9412
1227
9421
9428
1239
5335
5336
5337
1247
1248
5350
1256
1257
9449
5355
5358
9454
9460
5365
9464
9466
9470
5380
5381
5382
9478
1290
5390
9490
9497
1307
9499
1311
9505
5413
5414
5416
1321
1324
9516
5423
9519
1328
5427
1335
9528
5433
1338
5438
5441
1349
9542
5447
1353
9550
9552
5457
5458
9555
9556
9557
1367
9559
9563
5468
9564
5471
5472
5474
1384
1387
9580
1390
1394
9593
5499
1405
5501
5502
1407
5504
1410
1411
5508
5509
9605
1414
9608
5514
9610
9611
1425
9618
5526
9623
1432
1435
9628
9630
1443
9636
1445
9639
1448
1450
9646
5551
1457
5554
5560
9661
1470
5568
1473
5570
5575
5576
9672
9674
5583
9682
9684
1497
5595
9691
5597
1502
1508
1515
5612
1517
1520
9715
9724
1536
9729
5634
9730
5636
5638
9740
1553
5651
9748
9750
1559
9753
5660
9760
5666
5668
1573
5671
9768
1579
5679
1584
9777
5685
1594
1597
9789
9792
5698
5699
9795
1606
9804
9807
9808
1618
1620
9818
5724
9823
5729
5733
5735
9835
1646
5745
9843
5748
1654
1658
5754
1659
9852
1661
5757
5759
5763
9865
5770
9868
1681
9873
9875
9878
9880
1689
9881
5786
5788
9887
5792
1698
5795
9891
5796
1701
1702
1703
5800
1705
1706
9906
1715
9910
5815
1720
9912
9915
5821
9919
9922
9927
9930
5837
1743
9935
1747
1749
5845
9942
9945
1760
9952
5859
5860
5862
9958
5869
1774
9966
1775
9968
5874
1780
5879
5880
1786
5883
5885
1796
9990
1801
5901
5909
10007
5912
1818
10010
10012
10016
5921
5923
5924
10023
10026
5931
5935
5936
5938
10046
5957
1862
5963
5964
5966
5967
1873
5969
5970
1878
5977
10076
1886
1888
1889
5985
10081
10083
1900
1901
6005
10101
10103
6009
10105
10106
1916
1920
6022
10119
6025
6026
10126
10128
10130
10137
6043
10140
10142
6047
6049
6051
6055
10152
1963
1966
6064
10160
10162
6067
1974
1976
6073
10172
6080
10176
10178
10181
1990
10184
1993
10185
1997
10189
6097
6101
6102
10200
6106
6107
2012
2016
2018
10211
10213
2029
6127
2033
10225
2034
10235
10245
10247
10249
10250
10255
10257
6164
10263
6171
2080
6177
2084
6185
6194
2100
10293
10295
10297
6203
2111
2115
6212
10310
6218
2131
2133
10328
2142
2143
6239
6245
10343
6249
10349
2160
6257
2162
2163
10357
6262
10359
2169
10361
2171
10379
6285
2190
10384
6289
10385
2194
2196
6293
2203
6310
6311
6317
6320
10418
10419
10424
2233
10427
2238
2241
10433
10435
6343
2252
6349
6350
6351
10448
10449
6354
10450
2259
6360
10458
2272
2276
6372
2279
6376
6377
6379
10475
2292
6389
10487
2296
6393
10489
6398
2304
6405
6408
2315
6415
2320
2321
2324
6420
6421
10517
6424
2331
6427
10524
2333
6431
2336
6432
10532
2342
2344
10538
6444
6445
10546
10547
10549
10550
2359
10553
10554
2363
10555
2365
10557
2369
6469
2375
10567
10568
10569
10572
2381
10574
6479
6481
6482
6488
6489
6490
6493
10592
2401
2403
2406
2407
6506
10602
6510
10606
10608
6515
6517
2427
2428
10626
6534
6536
2441
6538
10637
2447
6547
2452
6550
10646
10648
2459
2460
2461
10653
6558
2463
10655
10656
10658
2468
2469
10661
6566
10667
6577
2482
6578
10674
2484
6580
6586
6587
10683
6589
10686
6592
2497
2502
2509
10701
6608
2518
2522
2523
6624
10721
2531
6627
2532
10725
6630
10726
6631
10727
2538
10733
10734
2543
10736
10739
10740
6646
2551
10743
10745
2556
2559
6655
2560
10752
2562
10754
6659
6663
6664
10761
6667
6676
6679
6683
10782
6688
10784
6689
6691
10789
2599
10796
6704
2609
10802
10813
6721
10817
10823
6731
2637
10829
2640
6736
10837
10845
10850
2659
2662
2665
6763
2670
6766
6770
2676
6772
6773
2678
10878
2687
10882
10885
6793
10892
6798
2704
2708
6805
10901
2711
6808
6814
6815
6816
2721
6817
2722
6821
10922
6831
2737
6833
6837
2742
6850
2756
10948
10952
6857
10954
10955
10957
10961
10962
6867
2772
2773
10967
10968
10970
10971
6877
2784
10978
6884
10980
2789
6887
10983
2792
10987
10989
2798
6894
2801
6898
10996
6902
11003
11004
11006
11009
6915
6917
6918
2826
11018
6923
6925
11021
2831
2834
6932
2841
2844
6940
2845
6945
11041
6948
11044
6949
11046
2855
2858
11051
2863
6962
2867
11062
6968
2874
2882
11076
2886
6984
2889
11083
2892
6989
2895
6991
6993
6994
11090
2899
11091
2900
6997
2902
11094
11099
2908
11104
7012
2925
7021
7022
2930
2935
2936
7033
2942
11134
11136
7041
2947
7043
7045
11143
7050
7053
11151
7060
2967
11160
7067
7069
11166
7073
2984
2987
7088
2993
2997
3007
7103
7107
11203
11204
11207
11211
3023
11219
3030
7126
11223
3037
7133
11229
3039
7140
11236
3046
7144
7146
3052
11244
3054
11247
3056
7155
11256
3067
11259
3071
3076
3077
7174
11274
7183
11282
7188
11284
7190
3097
7194
7196
11293
3103
7199
3106
7206
11304
7209
7211
11307
7214
3120
3122
11314
7221
7224
3131
3132
11328
3139
7238
3144
11344
3153
3154
3155
11350
3162
3166
3172
7269
7270
11372
7279
11375
7281
3186
11379
11386
11389
11397
7302
7303
3208
11400
7305
3212
3220
11412
7320
3225
3231
11423
3237
3240
7336
3242
11438
3249
7346
11442
7349
7350
7352
3257
3259
11451
7356
7357
3263
7362
7363
11463
3274
7371
11467
11468
7373
11469
7374
11476
11478
3287
3288
3295
7391
3297
7398
3304
3307
7405
3310
3311
7408
7409
11507
3317
3320
3323
3329
3332
3335
7431
7439
7444
3351
7449
11545
11546
3362
11554
11555
7463
7466
7467
11569
11571
7477
11573
7480
11576
7482
11580
7489
11585
11587
3400
7497
3403
3406
7502
11598
3411
3422
11616
3426
3430
7526
3432
3433
7530
3435
3437
11632
3442
11637
7546
3456
7552
7553
3459
3461
7557
11653
11655
11657
7562
3467
3468
7565
3471
3473
3476
7574
11672
7584
11680
3491
3496
11690
7595
11691
11693
11699
3510
7607
3512
7609
7610
11707
7614
7616
7617
11716
7621
3526
11723
7631
3537
7633
11729
3538
11731
11733
3542
7638
7639
7642
11738
3548
11740
11744
11746
3555
11748
7653
11749
7655
3566
7662
11760
3570
7668
3578
11773
11775
7680
11776
7681
11777
11778
11779
3589
11783
11784
7691
11792
7699
7702
7703
3608
11801
7709
3617
11809
3620
7716
11814
7719
7720
11816
7728
7732
3640
3641
7742
11841
7752
11848
3660
11853
3662
7758
11857
11860
7766
7773
11871
7778
11875
11877
11884
7789
7793
7794
11890
3701
7798
3707
3711
11904
3713
3715
3722
3730
3731
7831
11929
11931
11933
7848
3754
11946
3756
11952
3763
11955
11956
3768
11960
7867
7868
7869
7877
11974
7880
3787
7885
3790
7886
3791
7887
3794
3810
12002
7916
12016
7928
3836
7932
7933
3845
12040
7948
12044
3855
3863
7960
7963
12060
7965
3870
7968
7970
7973
7974
3880
3884
12076
3885
12079
3891
12083
12088
7993
7994
3901
12095
12100
8005
12101
12104
12114
12116
3929
12123
3932
12124
8030
8031
12127
12128
3939
3942
12135
3946
3950
12142
3954
12147
3958
12150
3960
3962
12154
8060
8067
8068
3976
3977
12170
8080
12176
8081
12178
8085
3992
8090
8095
12197
12200
4010
8110
8114
8115
8118
12218
4029
12221
12224
4040
8136
12232
4043
8142
12238
8147
4052
12246
8151
8153
4058
12250
8155
4063
12256
12257
8163
12261
12262
8167
12263
12264
12269
4080
12272
4084
12278
12281
8190
11
384
2
18
98
338
53
11
76
124
398
367
